1000
-1714 1414 1121 100 0 0 0
-1544 2330 -717 100 0 0 0
-1191 -453 -2688 100 0 0 0
-2294 -420 1690 100 0 0 0
-675 -2566 2859 100 0 0 0
-804 -592 2366 100 0 0 0
-1402 -2090 -782 100 0 0 0
-321 2555 2440 100 0 0 0
-2877 -1541 -310 100 0 0 0
1199 361 -2228 100 0 0 0
818 -2175 1882 100 0 0 0
-1427 2978 702 100 0 0 0
1842 -370 -2182 100 0 0 0
-2461 235 -288 100 0 0 0
693 1029 885 100 0 0 0
495 -1265 1833 100 0 0 0
1251 -2613 266 100 0 0 0
2019 1587 -2632 100 0 0 0
-815 -2446 -245 100 0 0 0
1600 1042 -2772 100 0 0 0
-2872 2415 1550 100 0 0 0
2692 -451 -2155 100 0 0 0
2527 1994 2198 100 0 0 0
-2039 -2636 -1226 100 0 0 0
-405 -1134 -2055 100 0 0 0
-2526 -2564 -2944 100 0 0 0
-2792 -2564 1990 100 0 0 0
-2964 1228 1948 100 0 0 0
856 -2438 2517 100 0 0 0
1942 2003 455 100 0 0 0
-1952 -468 1722 100 0 0 0
680 -875 -1633 100 0 0 0
2406 494 2470 100 0 0 0
2049 -1017 1741 100 0 0 0
-1875 309 -669 100 0 0 0
2933 275 -1292 100 0 0 0
2064 1756 -2227 100 0 0 0
-577 1048 2694 100 0 0 0
268 -1881 -1718 100 0 0 0
-556 -2471 1947 100 0 0 0
-1718 -2287 2305 100 0 0 0
2726 -2179 -2769 100 0 0 0
1465 -220 -838 100 0 0 0
-802 -592 -445 100 0 0 0
1749 1585 -1030 100 0 0 0
-517 957 1838 100 0 0 0
-485 -1841 2897 100 0 0 0
-2275 2935 -858 100 0 0 0
-2239 -2887 425 100 0 0 0
-2283 -242 521 100 0 0 0
-937 1444 1634 100 0 0 0
-1795 2981 1400 100 0 0 0
2206 -2185 -1725 100 0 0 0
319 -1259 -1923 100 0 0 0
-1583 -2637 -1802 100 0 0 0
340 2906 -681 100 0 0 0
616 1701 304 100 0 0 0
-1890 933 -2498 100 0 0 0
-1606 2551 -841 100 0 0 0
2192 210 -2283 100 0 0 0
-2487 -2928 -1645 100 0 0 0
-1755 -3000 1331 100 0 0 0
1683 -2339 -1063 100 0 0 0
-352 1328 2710 100 0 0 0
744 1287 334 100 0 0 0
-1915 276 2685 100 0 0 0
-698 -203 -2160 100 0 0 0
2844 -1788 -248 100 0 0 0
-828 2122 651 100 0 0 0
2082 1821 895 100 0 0 0
-298 -1829 1243 100 0 0 0
944 -1067 -2482 100 0 0 0
1452 -2164 2302 100 0 0 0
-351 973 -1189 100 0 0 0
334 -2722 -1504 100 0 0 0
-2991 -1423 2256 100 0 0 0
2508 809 1581 100 0 0 0
-2696 2529 -1146 100 0 0 0
1747 -2655 2114 100 0 0 0
-1689 520 2360 100 0 0 0
-2473 901 -2326 100 0 0 0
1820 1130 317 100 0 0 0
2065 1689 2098 100 0 0 0
-2090 828 -2252 100 0 0 0
-483 2372 841 100 0 0 0
-1061 -460 1823 100 0 0 0
404 2682 457 100 0 0 0
-2007 -2480 1515 100 0 0 0
868 1451 1884 100 0 0 0
-2159 -2681 1956 100 0 0 0
436 -477 -2692 100 0 0 0
441 -1419 1153 100 0 0 0
2460 -2365 -1148 100 0 0 0
2071 -2553 1117 100 0 0 0
-2871 1764 848 100 0 0 0
2872 1815 1945 100 0 0 0
265 -1298 305 100 0 0 0
705 791 -1476 100 0 0 0
-1260 -381 -2145 100 0 0 0
-1544 -1356 715 100 0 0 0
-677 501 -2124 100 0 0 0
-1579 -992 278 100 0 0 0
-760 -1514 1212 100 0 0 0
-602 1879 -946 100 0 0 0
-242 2048 1882 100 0 0 0
230 -1361 -1641 100 0 0 0
-233 964 -2117 100 0 0 0
-2848 -2904 2622 100 0 0 0
-919 1907 1974 100 0 0 0
1281 1070 1375 100 0 0 0
-2034 -2940 2416 100 0 0 0
1741 1503 2982 100 0 0 0
-2393 -2264 -670 100 0 0 0
-557 -601 1504 100 0 0 0
-1949 1471 1480 100 0 0 0
-2115 1825 997 100 0 0 0
-1331 -2317 -2351 100 0 0 0
1804 -1510 -893 100 0 0 0
-1701 -279 -240 100 0 0 0
-1426 2257 887 100 0 0 0
-980 -505 281 100 0 0 0
-1358 1667 2639 100 0 0 0
-1185 1273 -2399 100 0 0 0
2158 2769 -358 100 0 0 0
1764 -462 -2264 100 0 0 0
-1496 2099 460 100 0 0 0
1002 -726 -2713 100 0 0 0
1635 1353 825 100 0 0 0
1426 948 2093 100 0 0 0
-2457 2401 901 100 0 0 0
919 -415 -2954 100 0 0 0
496 -720 -2620 100 0 0 0
1373 521 -2691 100 0 0 0
-2717 2652 588 100 0 0 0
-1586 -985 -798 100 0 0 0
813 862 -970 100 0 0 0
1043 -1441 -1680 100 0 0 0
2133 -2977 -1564 100 0 0 0
1745 -861 1898 100 0 0 0
580 2776 -1182 100 0 0 0
2675 -1362 1672 100 0 0 0
-1563 -2516 -2013 100 0 0 0
-1022 408 2990 100 0 0 0
2640 420 -2198 100 0 0 0
2743 -1421 -1660 100 0 0 0
-1080 2597 -1624 100 0 0 0
1430 2338 1397 100 0 0 0
-2521 1300 -2774 100 0 0 0
2926 -2498 -1133 100 0 0 0
1006 -937 2804 100 0 0 0
-349 -2206 -322 100 0 0 0
-1157 -2589 1693 100 0 0 0
1576 1894 -471 100 0 0 0
-2217 571 2051 100 0 0 0
-2673 2273 -459 100 0 0 0
1471 1757 975 100 0 0 0
-2369 1389 -1121 100 0 0 0
-1862 2530 -1290 100 0 0 0
-1313 -1494 2152 100 0 0 0
-2414 -2769 -1452 100 0 0 0
2903 -568 1358 100 0 0 0
-1750 -2587 -2118 100 0 0 0
1712 -1268 -943 100 0 0 0
-998 1578 2842 100 0 0 0
358 2652 525 100 0 0 0
-1183 -2134 -1769 100 0 0 0
942 372 -2400 100 0 0 0
1022 751 -2703 100 0 0 0
341 1277 2782 100 0 0 0
659 2779 1265 100 0 0 0
-1938 2300 1704 100 0 0 0
-2675 -2018 255 100 0 0 0
-2505 1446 -2851 100 0 0 0
741 -1918 -2238 100 0 0 0
291 448 -720 100 0 0 0
-908 2519 2178 100 0 0 0
537 2595 2760 100 0 0 0
2513 -1915 -942 100 0 0 0
1706 -1774 -1105 100 0 0 0
2018 -2860 -418 100 0 0 0
545 -440 -2917 100 0 0 0
2575 1457 2967 100 0 0 0
-323 -763 -231 100 0 0 0
-247 792 -1158 100 0 0 0
1851 2227 -1097 100 0 0 0
-1251 2019 -1448 100 0 0 0
-2484 -2851 1933 100 0 0 0
1603 -2547 1095 100 0 0 0
-614 -2764 775 100 0 0 0
2518 -680 2934 100 0 0 0
-2703 -2504 -1954 100 0 0 0
-1383 1582 -2881 100 0 0 0
-1937 -2722 -2766 100 0 0 0
-1985 -2183 1128 100 0 0 0
-757 -355 2702 100 0 0 0
-1222 915 1223 100 0 0 0
-2135 1514 2451 100 0 0 0
2170 -994 821 100 0 0 0
370 -2196 1263 100 0 0 0
-735 1419 1100 100 0 0 0
722 -1268 -1500 100 0 0 0
262 2741 -2736 100 0 0 0
-2628 -1608 -1797 100 0 0 0
-360 2208 -1591 100 0 0 0
-978 2646 2210 100 0 0 0
-1830 2301 2288 100 0 0 0
-2133 -2192 -499 100 0 0 0
587 -987 -1514 100 0 0 0
1241 -2890 2876 100 0 0 0
-2079 486 -1805 100 0 0 0
286 2751 -2352 100 0 0 0
1057 -1238 1958 100 0 0 0
-2290 -520 -1523 100 0 0 0
-1040 -590 -1882 100 0 0 0
-623 -526 -2079 100 0 0 0
2933 2861 -1488 100 0 0 0
-2949 623 -662 100 0 0 0
-1960 -581 -1042 100 0 0 0
-386 1945 -800 100 0 0 0
-2764 -860 1690 100 0 0 0
2322 -2153 2445 100 0 0 0
-1095 799 431 100 0 0 0
-1144 -2100 674 100 0 0 0
2526 797 1606 100 0 0 0
2126 322 239 100 0 0 0
1284 2540 2985 100 0 0 0
-1516 2002 2513 100 0 0 0
-1015 1556 -2602 100 0 0 0
-1519 257 -1230 100 0 0 0
208 -2700 -999 100 0 0 0
404 -1434 610 100 0 0 0
-1664 793 279 100 0 0 0
-1733 2418 -2918 100 0 0 0
1777 903 -414 100 0 0 0
-2890 -2068 -1303 100 0 0 0
1573 2828 1362 100 0 0 0
1262 -2492 340 100 0 0 0
802 -2313 2415 100 0 0 0
1145 2717 -785 100 0 0 0
-1590 -1659 2185 100 0 0 0
-2049 2230 1793 100 0 0 0
-1999 1977 -1589 100 0 0 0
1416 2449 683 100 0 0 0
1370 2184 2710 100 0 0 0
-2507 -2180 1220 100 0 0 0
-2814 -1939 816 100 0 0 0
-1850 -200 -2308 100 0 0 0
1667 2018 -1417 100 0 0 0
-2558 -1224 -2153 100 0 0 0
-1558 -2558 -2735 100 0 0 0
-2600 2813 1247 100 0 0 0
957 -1264 1100 100 0 0 0
-2138 -1528 -2675 100 0 0 0
-893 -1236 675 100 0 0 0
-859 886 2575 100 0 0 0
-560 337 -875 100 0 0 0
-580 -1393 1017 100 0 0 0
-326 1738 268 100 0 0 0
-2957 -551 -2923 100 0 0 0
748 -2323 -861 100 0 0 0
1778 1560 2595 100 0 0 0
-2334 -2638 -1706 100 0 0 0
313 2359 2944 100 0 0 0
-2902 1787 -331 100 0 0 0
-970 1316 -311 100 0 0 0
1232 2425 2026 100 0 0 0
-2616 -1965 -2577 100 0 0 0
-2773 1900 -1708 100 0 0 0
-2629 -1179 2115 100 0 0 0
-749 -2398 2350 100 0 0 0
-1700 -2914 385 100 0 0 0
-597 -1712 -2323 100 0 0 0
966 536 -1595 100 0 0 0
1347 -1101 -2218 100 0 0 0
-1463 -2961 -1570 100 0 0 0
2012 -695 307 100 0 0 0
-1837 -2971 -1522 100 0 0 0
-2332 -1655 -565 100 0 0 0
-1699 -2143 -2930 100 0 0 0
466 1200 -2677 100 0 0 0
-2838 -1250 211 100 0 0 0
-1981 -1720 -1723 100 0 0 0
2368 -1501 1706 100 0 0 0
775 496 -2346 100 0 0 0
2131 -2337 1501 100 0 0 0
1332 389 1676 100 0 0 0
-2387 -2948 -1963 100 0 0 0
692 -2031 485 100 0 0 0
751 992 2677 100 0 0 0
2369 2119 2071 100 0 0 0
-2795 -300 -2487 100 0 0 0
-2956 1207 2391 100 0 0 0
1593 545 272 100 0 0 0
1928 -1399 717 100 0 0 0
607 1706 -471 100 0 0 0
-1169 1476 2374 100 0 0 0
2259 2379 1776 100 0 0 0
-1323 -434 2896 100 0 0 0
898 -2050 1933 100 0 0 0
-746 -1789 1814 100 0 0 0
2319 -1780 1875 100 0 0 0
2244 1100 2016 100 0 0 0
-416 -1625 -1426 100 0 0 0
330 -2039 2170 100 0 0 0
-2502 2419 1392 100 0 0 0
-2247 -1062 -2543 100 0 0 0
2492 2857 -2094 100 0 0 0
-407 -863 2335 100 0 0 0
1639 -385 -1487 100 0 0 0
880 -1487 -2994 100 0 0 0
-1723 2875 -711 100 0 0 0
-506 1321 2946 100 0 0 0
-1420 -1258 -2032 100 0 0 0
1739 1629 1894 100 0 0 0
281 -1107 -2951 100 0 0 0
1861 2179 -1957 100 0 0 0
-2503 1998 1122 100 0 0 0
1760 -2234 -1283 100 0 0 0
-1482 2605 2549 100 0 0 0
606 2068 1411 100 0 0 0
2350 2978 2113 100 0 0 0
1671 671 2779 100 0 0 0
-220 214 -1452 100 0 0 0
2676 -377 -454 100 0 0 0
-376 -2767 1220 100 0 0 0
-2671 1269 1809 100 0 0 0
1559 -1191 595 100 0 0 0
2868 2366 613 100 0 0 0
-407 598 -371 100 0 0 0
-630 -537 1679 100 0 0 0
-744 2689 -2603 100 0 0 0
2679 568 -2488 100 0 0 0
-2313 -2327 -2261 100 0 0 0
269 1756 462 100 0 0 0
-624 -1232 -210 100 0 0 0
-1575 863 -1035 100 0 0 0
2723 489 -315 100 0 0 0
2031 2548 -1429 100 0 0 0
-906 -594 -2500 100 0 0 0
-1033 -2926 744 100 0 0 0
-2866 1724 2043 100 0 0 0
-837 -2935 -1447 100 0 0 0
1814 1566 -2985 100 0 0 0
-572 -613 835 100 0 0 0
1874 -1037 -859 100 0 0 0
1304 -1354 2298 100 0 0 0
-367 -340 1943 100 0 0 0
-2953 -1776 -1026 100 0 0 0
2427 2589 -472 100 0 0 0
388 2903 -764 100 0 0 0
-707 504 2319 100 0 0 0
-1638 1854 2683 100 0 0 0
2684 -1492 -807 100 0 0 0
1820 -307 1581 100 0 0 0
-1714 1298 -2351 100 0 0 0
534 749 -894 100 0 0 0
-579 2302 361 100 0 0 0
-426 -903 2601 100 0 0 0
1991 -1147 -1079 100 0 0 0
1224 1683 251 100 0 0 0
-2668 1147 -1462 100 0 0 0
-709 2281 1078 100 0 0 0
-211 1233 -1788 100 0 0 0
-2652 2350 -1975 100 0 0 0
-1632 -1737 -1672 100 0 0 0
1570 940 2282 100 0 0 0
-2924 -1093 1606 100 0 0 0
1816 -2663 1782 100 0 0 0
-1790 2846 -2563 100 0 0 0
-777 1260 2020 100 0 0 0
1229 -813 -553 100 0 0 0
1534 801 337 100 0 0 0
216 -1556 -966 100 0 0 0
422 -1316 -2945 100 0 0 0
-1854 2215 476 100 0 0 0
1199 1818 2022 100 0 0 0
415 -508 2307 100 0 0 0
1966 471 1782 100 0 0 0
-1691 -2655 -252 100 0 0 0
2347 1929 -1819 100 0 0 0
-1169 -2312 -1070 100 0 0 0
-570 -229 2406 100 0 0 0
-885 -1617 -2494 100 0 0 0
-1789 2459 -1435 100 0 0 0
2630 -1104 -2067 100 0 0 0
-2255 -497 354 100 0 0 0
-2631 1785 -2510 100 0 0 0
-1153 -687 1927 100 0 0 0
1165 1109 768 100 0 0 0
1212 2219 1590 100 0 0 0
-2919 1267 -1666 100 0 0 0
-1259 595 -408 100 0 0 0
-1047 931 -2403 100 0 0 0
1890 1141 2168 100 0 0 0
1249 2118 2946 100 0 0 0
1195 -279 2737 100 0 0 0
-1299 845 2394 100 0 0 0
-2539 467 1489 100 0 0 0
-1020 -2351 1100 100 0 0 0
1834 1525 -945 100 0 0 0
-2325 -1921 -2972 100 0 0 0
-2411 945 -2979 100 0 0 0
-1426 -503 -368 100 0 0 0
1650 2199 2333 100 0 0 0
-615 1717 2794 100 0 0 0
2545 -973 828 100 0 0 0
-1852 2553 2183 100 0 0 0
494 -2873 583 100 0 0 0
-647 1721 -2795 100 0 0 0
2681 2140 -1415 100 0 0 0
-1282 2824 1275 100 0 0 0
-1652 222 -1018 100 0 0 0
-1598 -612 1024 100 0 0 0
911 2212 1117 100 0 0 0
1645 2127 470 100 0 0 0
475 2509 -2459 100 0 0 0
-2472 790 -927 100 0 0 0
1658 2968 1969 100 0 0 0
610 -291 -477 100 0 0 0
-920 1096 2786 100 0 0 0
2235 1042 -2730 100 0 0 0
2016 2603 212 100 0 0 0
-2197 -2328 1249 100 0 0 0
-2658 -1121 -400 100 0 0 0
1444 -2137 1057 100 0 0 0
1263 202 555 100 0 0 0
563 2915 2662 100 0 0 0
2935 2139 -2359 100 0 0 0
-1446 -2660 1508 100 0 0 0
1913 -2042 2649 100 0 0 0
2353 -265 -435 100 0 0 0
1394 -952 -1100 100 0 0 0
-354 737 2575 100 0 0 0
-2411 -2019 -1171 100 0 0 0
1289 -364 -867 100 0 0 0
-1028 -1118 -1296 100 0 0 0
1946 2418 -1796 100 0 0 0
1738 1055 -747 100 0 0 0
-2310 2913 1569 100 0 0 0
-1286 2108 -1255 100 0 0 0
2492 2585 2232 100 0 0 0
-2342 -1108 -2530 100 0 0 0
-594 -1250 -2860 100 0 0 0
241 1948 -1890 100 0 0 0
1825 1567 -2576 100 0 0 0
-815 -1207 2850 100 0 0 0
-2466 1907 2026 100 0 0 0
1706 1531 2133 100 0 0 0
-1638 1960 329 100 0 0 0
-2298 2035 -2811 100 0 0 0
-840 1067 -1238 100 0 0 0
1998 528 2652 100 0 0 0
362 -2887 1686 100 0 0 0
442 2466 -915 100 0 0 0
1651 -2394 -2613 100 0 0 0
1960 1751 425 100 0 0 0
-2465 -1706 951 100 0 0 0
956 789 -964 100 0 0 0
982 -2092 1865 100 0 0 0
1418 391 1920 100 0 0 0
988 -2873 -1216 100 0 0 0
2461 2900 1023 100 0 0 0
1873 -1482 -1414 100 0 0 0
-2461 -2210 1331 100 0 0 0
2261 1771 -343 100 0 0 0
643 -2048 -581 100 0 0 0
1851 2113 -1974 100 0 0 0
2737 -1107 -1046 100 0 0 0
1811 200 1942 100 0 0 0
1907 2508 -489 100 0 0 0
463 -1993 1480 100 0 0 0
-2900 -1977 -1449 100 0 0 0
2232 2495 2280 100 0 0 0
-2645 -1286 -705 100 0 0 0
1130 -2198 2159 100 0 0 0
1726 -828 -1767 100 0 0 0
1442 -1582 1016 100 0 0 0
2040 2523 2273 100 0 0 0
1661 -1699 2889 100 0 0 0
556 -1375 -1348 100 0 0 0
-688 -2379 1486 100 0 0 0
643 261 -2993 100 0 0 0
614 1003 -2359 100 0 0 0
952 -1460 1047 100 0 0 0
-2391 -1060 1607 100 0 0 0
721 -1107 957 100 0 0 0
821 1781 -2702 100 0 0 0
2815 1068 -1374 100 0 0 0
-2182 1484 396 100 0 0 0
1440 -628 1685 100 0 0 0
-577 578 -1930 100 0 0 0
-1240 2937 2097 100 0 0 0
305 -1553 2551 100 0 0 0
-1588 354 2315 100 0 0 0
2408 -1588 -423 100 0 0 0
1996 874 -423 100 0 0 0
1506 -1684 -850 100 0 0 0
-2691 -843 -1560 100 0 0 0
-1335 -2672 -2327 100 0 0 0
-2072 2634 2641 100 0 0 0
-2100 1315 -1898 100 0 0 0
-1303 2167 2485 100 0 0 0
-369 -2175 1157 100 0 0 0
-607 2812 -2300 100 0 0 0
765 1942 1878 100 0 0 0
1074 934 2025 100 0 0 0
-552 -533 -2366 100 0 0 0
-569 2540 2118 100 0 0 0
2840 -715 -410 100 0 0 0
2667 -1900 2435 100 0 0 0
-2671 -610 2132 100 0 0 0
2860 2284 1518 100 0 0 0
-1443 411 -1791 100 0 0 0
1336 -1952 -1232 100 0 0 0
-2854 -2666 2519 100 0 0 0
-2372 -1553 2987 100 0 0 0
-721 -224 -410 100 0 0 0
2079 2360 -1381 100 0 0 0
-499 -1712 2407 100 0 0 0
-915 -2587 2656 100 0 0 0
2485 2337 2090 100 0 0 0
-2089 2871 1466 100 0 0 0
-508 595 1393 100 0 0 0
-2328 676 -1160 100 0 0 0
2454 2910 1071 100 0 0 0
-2898 2781 -1994 100 0 0 0
-784 707 1107 100 0 0 0
2096 -514 322 100 0 0 0
-832 -2403 -2648 100 0 0 0
-2341 -1502 1356 100 0 0 0
-212 -823 -1149 100 0 0 0
-1933 2828 -1114 100 0 0 0
-2231 2106 961 100 0 0 0
595 -2820 -2654 100 0 0 0
-583 2867 2974 100 0 0 0
844 -489 -1253 100 0 0 0
-605 2310 -1550 100 0 0 0
-2583 1089 -2737 100 0 0 0
1960 -2662 1100 100 0 0 0
1957 -859 -1496 100 0 0 0
2519 2364 577 100 0 0 0
1261 2756 -571 100 0 0 0
-239 -852 -2477 100 0 0 0
-2184 2891 -2354 100 0 0 0
-2814 2945 1152 100 0 0 0
960 2867 1864 100 0 0 0
-487 2840 2905 100 0 0 0
2142 1793 -2878 100 0 0 0
-1350 1594 -1705 100 0 0 0
-1350 2554 427 100 0 0 0
-293 -1925 2792 100 0 0 0
2690 1931 1937 100 0 0 0
-1292 579 758 100 0 0 0
-335 -1424 -2602 100 0 0 0
-1862 -240 -1783 100 0 0 0
-1801 -2308 -1634 100 0 0 0
1069 828 2734 100 0 0 0
-2006 413 1650 100 0 0 0
-706 2374 -1855 100 0 0 0
-2395 -313 2176 100 0 0 0
2891 -1646 -632 100 0 0 0
1592 1046 -762 100 0 0 0
1348 1246 1805 100 0 0 0
2403 1475 1402 100 0 0 0
797 1660 2481 100 0 0 0
-2692 -2826 -2243 100 0 0 0
2557 2634 -2858 100 0 0 0
2554 -528 2857 100 0 0 0
2920 -1831 -2136 100 0 0 0
1313 541 -2521 100 0 0 0
-1685 1754 2003 100 0 0 0
-2989 1126 2619 100 0 0 0
-2373 840 -845 100 0 0 0
2900 926 2988 100 0 0 0
-1819 2996 -2228 100 0 0 0
460 310 477 100 0 0 0
-2371 -820 1934 100 0 0 0
-2807 -2552 -493 100 0 0 0
2217 -637 -2772 100 0 0 0
-1643 -458 -2518 100 0 0 0
-2410 -2416 2340 100 0 0 0
-2106 1043 1608 100 0 0 0
-1816 943 411 100 0 0 0
-2402 -327 2057 100 0 0 0
-2873 227 -2973 100 0 0 0
1176 -2649 1644 100 0 0 0
2788 -1071 2114 100 0 0 0
394 -284 -309 100 0 0 0
-432 2792 582 100 0 0 0
-1451 333 -1118 100 0 0 0
2815 2511 -2753 100 0 0 0
1642 -2990 616 100 0 0 0
-1654 -339 -446 100 0 0 0
2073 280 -1897 100 0 0 0
2076 -2442 512 100 0 0 0
-2609 -2621 2585 100 0 0 0
1195 2142 -1352 100 0 0 0
-1864 1345 -234 100 0 0 0
2357 299 -368 100 0 0 0
-1791 -585 -233 100 0 0 0
-2568 2926 -2741 100 0 0 0
-2434 536 1823 100 0 0 0
-2162 2274 -830 100 0 0 0
-1906 1938 -1856 100 0 0 0
1059 -245 -2711 100 0 0 0
2334 -2403 -1741 100 0 0 0
1038 926 601 100 0 0 0
-352 -2037 1295 100 0 0 0
2560 -699 -513 100 0 0 0
-2718 -1592 -2695 100 0 0 0
-2918 -1734 -2234 100 0 0 0
-1355 -2084 1840 100 0 0 0
-2515 1979 1294 100 0 0 0
-2629 537 -1059 100 0 0 0
-2842 1539 2635 100 0 0 0
1206 -1427 -685 100 0 0 0
1198 -2380 -821 100 0 0 0
-1439 -2678 1846 100 0 0 0
1135 -1587 -1554 100 0 0 0
-918 922 -1426 100 0 0 0
219 -1696 622 100 0 0 0
-1124 2974 -2905 100 0 0 0
751 481 862 100 0 0 0
-250 2557 1260 100 0 0 0
603 -2542 2537 100 0 0 0
-1687 1371 -1461 100 0 0 0
-1123 -1476 -2506 100 0 0 0
1466 -1692 -677 100 0 0 0
1405 2028 -1691 100 0 0 0
-733 2959 -2665 100 0 0 0
-1674 -876 -993 100 0 0 0
2187 -211 -2674 100 0 0 0
-2771 -880 -688 100 0 0 0
1042 -1047 1712 100 0 0 0
-1346 -383 -613 100 0 0 0
2536 480 1434 100 0 0 0
1078 -2260 1915 100 0 0 0
1289 319 -962 100 0 0 0
-2561 1085 822 100 0 0 0
-1244 -546 -2149 100 0 0 0
1045 483 1498 100 0 0 0
-1690 -1176 -1160 100 0 0 0
1889 -2770 -1604 100 0 0 0
1610 1520 537 100 0 0 0
705 -2413 -1086 100 0 0 0
-1890 2711 2026 100 0 0 0
-2284 -2821 1940 100 0 0 0
1631 -1571 -884 100 0 0 0
-1191 -1755 -1380 100 0 0 0
-2242 -1037 1962 100 0 0 0
-2495 1859 1914 100 0 0 0
1378 -1032 -2771 100 0 0 0
-956 -1660 -241 100 0 0 0
731 504 -1990 100 0 0 0
-304 -329 1731 100 0 0 0
-2498 -2013 1443 100 0 0 0
-831 -569 -2897 100 0 0 0
-2174 2278 -1623 100 0 0 0
1828 -1010 1902 100 0 0 0
2742 2653 683 100 0 0 0
203 -2181 -2076 100 0 0 0
-2484 -1344 2958 100 0 0 0
1756 -981 -772 100 0 0 0
1718 -2430 333 100 0 0 0
2301 -1325 -899 100 0 0 0
-1939 -2413 673 100 0 0 0
-1682 -807 -2751 100 0 0 0
-2146 -2586 -1753 100 0 0 0
-1540 1117 2021 100 0 0 0
-2826 -928 1172 100 0 0 0
-2118 792 226 100 0 0 0
-1813 -1668 -2931 100 0 0 0
1074 -1803 -1547 100 0 0 0
-1980 -1093 -2929 100 0 0 0
1557 827 895 100 0 0 0
-1359 -2569 604 100 0 0 0
-2330 1270 1832 100 0 0 0
2279 -679 2988 100 0 0 0
300 815 -1654 100 0 0 0
1188 616 1097 100 0 0 0
-1556 -2991 -889 100 0 0 0
2384 -2440 -2788 100 0 0 0
2366 -773 1483 100 0 0 0
2034 -566 -508 100 0 0 0
1325 2856 -1279 100 0 0 0
1821 -2214 1966 100 0 0 0
-226 -2174 2727 100 0 0 0
326 1678 -1408 100 0 0 0
-920 1546 2376 100 0 0 0
-1745 -2503 1912 100 0 0 0
2196 -1507 -1435 100 0 0 0
2101 -2946 -1187 100 0 0 0
1167 -2574 -1126 100 0 0 0
1951 1252 2370 100 0 0 0
2870 -736 -1148 100 0 0 0
-998 -883 2481 100 0 0 0
201 -372 -1116 100 0 0 0
-1766 1401 1578 100 0 0 0
-2264 1952 -2638 100 0 0 0
-2561 2065 837 100 0 0 0
2207 -2413 -2115 100 0 0 0
-1880 -1296 -2921 100 0 0 0
799 -1333 -2753 100 0 0 0
-965 -1944 -1946 100 0 0 0
2679 -2886 -2789 100 0 0 0
-214 -902 1958 100 0 0 0
757 -397 -1942 100 0 0 0
1747 -933 937 100 0 0 0
-2719 1462 1974 100 0 0 0
-535 -371 -1542 100 0 0 0
-630 2672 -2077 100 0 0 0
2938 1524 -2552 100 0 0 0
-2959 -685 1796 100 0 0 0
-2166 1441 430 100 0 0 0
2966 -2624 -2954 100 0 0 0
-2773 2901 390 100 0 0 0
-1779 -2227 1740 100 0 0 0
-2923 -2047 1746 100 0 0 0
-1486 -717 -2484 100 0 0 0
2439 1986 2353 100 0 0 0
2679 1217 1053 100 0 0 0
764 -2671 440 100 0 0 0
-1161 2254 2920 100 0 0 0
-1769 -2302 -2351 100 0 0 0
-1048 617 2149 100 0 0 0
-2962 -1180 1737 100 0 0 0
-2429 -2937 2847 100 0 0 0
-621 2785 -887 100 0 0 0
1258 305 2856 100 0 0 0
1271 378 1420 100 0 0 0
-674 1096 -377 100 0 0 0
2821 -1581 982 100 0 0 0
1574 1175 -837 100 0 0 0
2097 -504 -332 100 0 0 0
2838 -932 -2742 100 0 0 0
2605 2194 2640 100 0 0 0
-2696 354 -2987 100 0 0 0
398 -1612 -1324 100 0 0 0
744 -1086 -2883 100 0 0 0
-2312 1919 -2086 100 0 0 0
2805 -1037 2045 100 0 0 0
780 1952 -1396 100 0 0 0
-1049 1119 2224 100 0 0 0
1865 -2597 986 100 0 0 0
2787 2112 -1493 100 0 0 0
315 2354 1434 100 0 0 0
-2976 2826 239 100 0 0 0
-625 -599 -2128 100 0 0 0
-2698 -546 2437 100 0 0 0
1499 1174 -294 100 0 0 0
-1500 -227 -740 100 0 0 0
809 -992 2660 100 0 0 0
2467 -1101 1417 100 0 0 0
2222 1331 1547 100 0 0 0
1407 524 2774 100 0 0 0
1437 391 -1281 100 0 0 0
271 1011 -2198 100 0 0 0
-546 -559 -2222 100 0 0 0
-1512 2934 -2232 100 0 0 0
-2798 -818 -1520 100 0 0 0
-313 -1920 255 100 0 0 0
-2515 -1875 2079 100 0 0 0
-2194 -430 625 100 0 0 0
471 2880 530 100 0 0 0
2214 -2487 1290 100 0 0 0
-1461 2432 -1503 100 0 0 0
1958 446 -2217 100 0 0 0
-1412 2574 1892 100 0 0 0
-1567 1826 -1123 100 0 0 0
2299 658 -245 100 0 0 0
716 -1524 -870 100 0 0 0
809 465 -1957 100 0 0 0
1748 -2814 -2148 100 0 0 0
1430 -2637 279 100 0 0 0
2770 -2237 -2494 100 0 0 0
-2570 -2735 -1246 100 0 0 0
2067 -1068 2561 100 0 0 0
1158 463 814 100 0 0 0
302 2126 355 100 0 0 0
1462 1839 973 100 0 0 0
735 -2109 -781 100 0 0 0
2956 -1574 920 100 0 0 0
-1124 1555 -1749 100 0 0 0
-412 -1783 2801 100 0 0 0
2066 2234 -357 100 0 0 0
-2617 2634 1965 100 0 0 0
-1916 630 1261 100 0 0 0
2068 -1783 -524 100 0 0 0
1917 1503 -1732 100 0 0 0
-418 1154 -953 100 0 0 0
1336 2910 -1687 100 0 0 0
2864 369 2773 100 0 0 0
-2638 2857 -1502 100 0 0 0
1016 -763 -236 100 0 0 0
-387 1101 1936 100 0 0 0
-1361 1521 -2214 100 0 0 0
-1447 2151 712 100 0 0 0
1075 -1162 529 100 0 0 0
-1977 2816 -2706 100 0 0 0
-260 -1100 1125 100 0 0 0
2246 953 -1942 100 0 0 0
679 856 -1906 100 0 0 0
937 2798 2675 100 0 0 0
-425 -1598 2329 100 0 0 0
-1365 -2841 -1013 100 0 0 0
-1521 772 1220 100 0 0 0
-1789 521 -2020 100 0 0 0
1920 -2506 -1010 100 0 0 0
1276 -412 -767 100 0 0 0
1771 -624 -309 100 0 0 0
-1244 621 -272 100 0 0 0
-1530 2724 -2603 100 0 0 0
1928 -1020 1522 100 0 0 0
723 -345 -1945 100 0 0 0
1233 -2265 1132 100 0 0 0
1209 645 234 100 0 0 0
488 -951 461 100 0 0 0
501 -1781 -2118 100 0 0 0
-1313 694 -2744 100 0 0 0
667 904 1936 100 0 0 0
-1481 -2165 1359 100 0 0 0
2241 -1624 -649 100 0 0 0
-1042 -675 -501 100 0 0 0
-1753 -2545 1314 100 0 0 0
652 2510 -2259 100 0 0 0
-2584 -1380 -327 100 0 0 0
730 2057 -987 100 0 0 0
2886 424 985 100 0 0 0
-1510 898 -375 100 0 0 0
-1094 2073 -1809 100 0 0 0
2566 -1035 -2097 100 0 0 0
2300 1616 -230 100 0 0 0
-1924 -1692 -931 100 0 0 0
-1038 681 375 100 0 0 0
-2536 -1180 -1445 100 0 0 0
1943 931 931 100 0 0 0
-237 -205 -2584 100 0 0 0
314 -1330 2891 100 0 0 0
2805 -819 -2754 100 0 0 0
-1267 2211 1635 100 0 0 0
1054 2007 -2662 100 0 0 0
-2034 -514 779 100 0 0 0
-788 2130 826 100 0 0 0
719 2627 -1206 100 0 0 0
780 -521 1122 100 0 0 0
-1250 -2540 466 100 0 0 0
1790 -2004 1621 100 0 0 0
-1526 2097 -1610 100 0 0 0
2342 267 2747 100 0 0 0
-1464 1794 2192 100 0 0 0
1917 410 2705 100 0 0 0
1196 2949 -474 100 0 0 0
1817 -1351 -404 100 0 0 0
-1532 1071 -2627 100 0 0 0
-1101 1699 1669 100 0 0 0
1402 2441 1795 100 0 0 0
-1084 2112 888 100 0 0 0
567 -2330 1297 100 0 0 0
2652 -1138 2936 100 0 0 0
2087 2679 797 100 0 0 0
891 -1438 -1193 100 0 0 0
1268 916 1267 100 0 0 0
-2085 1232 -1529 100 0 0 0
1140 -2795 -2755 100 0 0 0
-1379 1072 2825 100 0 0 0
2501 1971 203 100 0 0 0
790 1010 -2816 100 0 0 0
1376 -2302 2431 100 0 0 0
-1027 333 -1401 100 0 0 0
2096 -1784 -2121 100 0 0 0
1750 -1012 1629 100 0 0 0
1750 -845 1401 100 0 0 0
1229 -771 1241 100 0 0 0
-217 2896 -2805 100 0 0 0
-1782 2349 2648 100 0 0 0
-1984 -1226 1414 100 0 0 0
-2075 -2367 -1289 100 0 0 0
-1585 2328 1086 100 0 0 0
-566 1838 660 100 0 0 0
584 -228 911 100 0 0 0
-2972 -2094 -1363 100 0 0 0
-2593 -2702 -344 100 0 0 0
-782 -1866 1312 100 0 0 0
-2626 2373 -1844 100 0 0 0
2947 -2349 -1871 100 0 0 0
-1697 -2536 971 100 0 0 0
-2713 2893 -1069 100 0 0 0
-603 -901 1050 100 0 0 0
665 -2302 859 100 0 0 0
2440 1075 538 100 0 0 0
-2139 -1183 -1026 100 0 0 0
2252 1776 805 100 0 0 0
1921 862 -2267 100 0 0 0
-994 -2117 581 100 0 0 0
2518 2065 -389 100 0 0 0
-2589 -555 1962 100 0 0 0
-2966 1135 1026 100 0 0 0
-2194 -2461 674 100 0 0 0
2894 1984 -2555 100 0 0 0
1019 -790 1177 100 0 0 0
-2106 -340 1276 100 0 0 0
-2197 -2418 2465 100 0 0 0
-436 -2174 1538 100 0 0 0
-2740 -1711 720 100 0 0 0
775 -761 2834 100 0 0 0
-2489 -1308 -2174 100 0 0 0
-1354 648 1322 100 0 0 0
1839 -371 2319 100 0 0 0
-1449 1246 2908 100 0 0 0
2761 2816 -1659 100 0 0 0
2780 2331 -349 100 0 0 0
-1745 1972 -1556 100 0 0 0
-2218 2484 -2890 100 0 0 0
1598 -2680 -997 100 0 0 0
-280 -1292 -1026 100 0 0 0
2737 1360 1235 100 0 0 0
520 1218 -2214 100 0 0 0
-644 759 1886 100 0 0 0
-1260 -689 1328 100 0 0 0
741 698 2900 100 0 0 0
-1464 377 474 100 0 0 0
2939 1128 349 100 0 0 0
-1304 -2028 -1483 100 0 0 0
-1938 -1399 -2247 100 0 0 0
995 2492 948 100 0 0 0
962 857 1865 100 0 0 0
-2450 2355 898 100 0 0 0
2915 506 -209 100 0 0 0
-2917 -2358 -1337 100 0 0 0
-1458 2259 2858 100 0 0 0
-306 -260 -225 100 0 0 0
-2208 2489 -1783 100 0 0 0
-1533 -604 -2045 100 0 0 0
-1937 -1687 -1288 100 0 0 0
1938 2359 -2258 100 0 0 0
1389 1702 1541 100 0 0 0
816 224 794 100 0 0 0
1418 -430 249 100 0 0 0
-2087 -378 -2762 100 0 0 0
-2855 -720 1819 100 0 0 0
2012 -2400 -2545 100 0 0 0
1631 -1637 616 100 0 0 0
2332 1026 2157 100 0 0 0
1593 -795 -1742 100 0 0 0
-2897 615 2171 100 0 0 0
-1795 -1778 2593 100 0 0 0
-1318 1818 -2879 100 0 0 0
-1611 2106 484 100 0 0 0
-1975 632 -1223 100 0 0 0
2127 363 2399 100 0 0 0
-1894 -1802 2402 100 0 0 0
-2284 -2756 1246 100 0 0 0
-1033 1552 -1055 100 0 0 0
574 -1947 693 100 0 0 0
1255 -2307 -693 100 0 0 0
-466 1237 -1150 100 0 0 0
-818 -2376 -2270 100 0 0 0
888 -2408 -1430 100 0 0 0
-511 -2844 -788 100 0 0 0
1659 2089 2263 100 0 0 0
-2361 960 -2580 100 0 0 0
-1146 -1477 2530 100 0 0 0
-811 -1547 1721 100 0 0 0
1250 -1748 2260 100 0 0 0
1726 1517 -1537 100 0 0 0
932 -214 1735 100 0 0 0
-1744 -229 -1312 100 0 0 0
-1535 755 -624 100 0 0 0
-599 -1158 -2478 100 0 0 0
2309 -620 2545 100 0 0 0
2107 -2049 -936 100 0 0 0
819 -702 2681 100 0 0 0
-2445 -1775 -209 100 0 0 0
-1833 1106 -804 100 0 0 0
848 -946 1690 100 0 0 0
-418 -1423 -1326 100 0 0 0
-306 1260 -2503 100 0 0 0
227 928 -2872 100 0 0 0
2770 498 1432 100 0 0 0
215 547 540 100 0 0 0
-1193 2815 -2216 100 0 0 0
-2454 2809 1429 100 0 0 0
-850 1494 -218 100 0 0 0
-1995 -1375 1496 100 0 0 0
1659 298 -941 100 0 0 0
-430 -1791 933 100 0 0 0
-2064 -1212 -561 100 0 0 0
2923 525 786 100 0 0 0
-2167 2754 -719 100 0 0 0
1787 -2531 1611 100 0 0 0
-1985 1630 -2324 100 0 0 0
-2416 2641 2110 100 0 0 0
-2787 -2338 -2075 100 0 0 0
-399 -1100 -415 100 0 0 0
2183 811 2824 100 0 0 0
930 762 -2615 100 0 0 0
601 -2295 2593 100 0 0 0
696 2254 -568 100 0 0 0
-2602 1324 2610 100 0 0 0
1681 345 -1004 100 0 0 0
